pedro: 5 minutos
ruben: 10 minutos
brandon: 30 minutos
roberto: 1000 minutos
Brand: 3.5553521216666666 minutos
pedrito: 2.850987981666667 minutos
Josue: 3.2978069199999998 minutos - matematicas - facil
BrandMV: 9.904203265 minutos - animales - facil
brandon: 4.748715896666667 minutos - animales - facil
